 Data_Period = 20090901 -- 20170831                                                                                                                                                                                                                                                                                                                                                                                                                                                                                                                                                                                                                                                                                                                                                                                                                                                                                                                                                                                                                                                                                                                                                                                                                                                                                                                                                                                                                                                                                                                                                                                                                                                                                                                                                                                                                                                                                                                                                                                                                                             
       Mon        SIN_mg/cm3/h              STP_oC                 SWC             SWP_MPa                  pH                                                                                                                                                                                                                                                                                                                                                                                                                                                                                                                                                                                                                                                                                                                                                                                                                                                                                                                                                                                                                                                                                                                                                                                                                                                                                                                                                                                                                                                                                                                                                                                                                                                                                                                                                                                                                                                                                                                                                                            
    200909        0.283000E-03        0.221960E+02        0.768200E-01       -0.331400E-01        0.640000E+01
    200910        0.283000E-03        0.227384E+02        0.763323E-01       -0.335880E-01        0.640000E+01
    200911        0.283000E-03        0.222680E+02        0.788867E-01       -0.314246E-01        0.640000E+01
    200912        0.279258E-03        0.228500E+02        0.801387E-01       -0.303301E-01        0.640000E+01
    201001        0.225000E-03        0.238277E+02        0.795839E-01       -0.307731E-01        0.640000E+01
    201002        0.225000E-03        0.243536E+02        0.791143E-01       -0.311562E-01        0.640000E+01
    201003        0.225000E-03        0.249226E+02        0.786419E-01       -0.315491E-01        0.640000E+01
    201004        0.225000E-03        0.239667E+02        0.781267E-01       -0.319866E-01        0.640000E+01
    201005        0.225000E-03        0.232248E+02        0.775839E-01       -0.324575E-01        0.640000E+01
    201006        0.225000E-03        0.223750E+02        0.771000E-01       -0.328875E-01        0.640000E+01
    201007        0.182419E-03        0.213335E+02        0.766161E-01       -0.333260E-01        0.640000E+01
    201008        0.165000E-03        0.216645E+02        0.760613E-01       -0.338410E-01        0.640000E+01
    201009        0.165000E-03        0.214243E+02        0.755533E-01       -0.343232E-01        0.640000E+01
    201010        0.165000E-03        0.214397E+02        0.750677E-01       -0.347946E-01        0.640000E+01
    201011        0.165000E-03        0.215640E+02        0.745800E-01       -0.352782E-01        0.640000E+01
    201012        0.165000E-03        0.219474E+02        0.740097E-01       -0.358585E-01        0.640000E+01
    201101        0.188484E-03        0.217094E+02        0.735194E-01       -0.363696E-01        0.640000E+01
    201102        0.217000E-03        0.195214E+02        0.730429E-01       -0.368774E-01        0.640000E+01
    201103        0.217000E-03        0.180516E+02        0.725645E-01       -0.373986E-01        0.640000E+01
    201104        0.217000E-03        0.184063E+02        0.720067E-01       -0.380212E-01        0.640000E+01
    201105        0.217000E-03        0.198313E+02        0.715194E-01       -0.385795E-01        0.640000E+01
    201106        0.217000E-03        0.197200E+02        0.710333E-01       -0.391487E-01        0.640000E+01
    201107        0.212548E-03        0.182332E+02        0.705129E-01       -0.397734E-01        0.640000E+01
    201108        0.171000E-03        0.198048E+02        0.699710E-01       -0.404419E-01        0.640000E+01
    201109        0.171000E-03        0.192420E+02        0.694867E-01       -0.410551E-01        0.640000E+01
    201110        0.171000E-03        0.172626E+02        0.690032E-01       -0.416813E-01        0.640000E+01
    201111        0.171000E-03        0.172093E+02        0.684467E-01       -0.424219E-01        0.640000E+01
    201112        0.171000E-03        0.173968E+02        0.679452E-01       -0.431078E-01        0.640000E+01
    201201        0.171000E-03        0.167103E+02        0.674548E-01       -0.437955E-01        0.640000E+01
    201202        0.129621E-03        0.176572E+02        0.669690E-01       -0.444942E-01        0.640000E+01
    201203        0.121000E-03        0.149219E+02        0.664323E-01       -0.452881E-01        0.640000E+01
    201204        0.121000E-03        0.139710E+02        0.665033E-01       -0.451856E-01        0.640000E+01
    201205        0.121000E-03        0.146274E+02        0.673516E-01       -0.439456E-01        0.640000E+01
    201206        0.121000E-03        0.159353E+02        0.683400E-01       -0.425693E-01        0.640000E+01
    201207        0.121000E-03        0.157726E+02        0.693032E-01       -0.412923E-01        0.640000E+01
    201208        0.114290E-03        0.150990E+02        0.702129E-01       -0.401451E-01        0.640000E+01
    201209        0.108000E-03        0.144800E+02        0.711133E-01       -0.390561E-01        0.640000E+01
    201210        0.108000E-03        0.144661E+02        0.721613E-01       -0.378491E-01        0.640000E+01
    201211        0.108000E-03        0.168030E+02        0.730567E-01       -0.368640E-01        0.640000E+01
    201212        0.108000E-03        0.175155E+02        0.739645E-01       -0.359082E-01        0.640000E+01
    201301        0.108000E-03        0.161216E+02        0.748871E-01       -0.349746E-01        0.640000E+01
    201302        0.100679E-03        0.142107E+02        0.758429E-01       -0.340481E-01        0.640000E+01
    201303        0.670000E-04        0.145100E+02        0.767710E-01       -0.331862E-01        0.640000E+01
    201304        0.670000E-04        0.146460E+02        0.776800E-01       -0.323758E-01        0.640000E+01
    201305        0.670000E-04        0.139429E+02        0.785871E-01       -0.315965E-01        0.640000E+01
    201306        0.670000E-04        0.145063E+02        0.795867E-01       -0.307727E-01        0.640000E+01
    201307        0.670000E-04        0.145903E+02        0.805161E-01       -0.300363E-01        0.640000E+01
    201308        0.670000E-04        0.131713E+02        0.813742E-01       -0.293810E-01        0.640000E+01
    201309        0.760000E-04        0.132560E+02        0.823900E-01       -0.286339E-01        0.640000E+01
    201310        0.770000E-04        0.135765E+02        0.833581E-01       -0.279499E-01        0.640000E+01
    201311        0.770000E-04        0.137733E+02        0.842733E-01       -0.273259E-01        0.640000E+01
    201312        0.770000E-04        0.141284E+02        0.851194E-01       -0.267679E-01        0.640000E+01
    201401        0.770000E-04        0.151794E+02        0.862097E-01       -0.260757E-01        0.640000E+01
    201402        0.770000E-04        0.159364E+02        0.865143E-01       -0.258878E-01        0.640000E+01
    201403        0.649355E-04        0.161406E+02        0.855613E-01       -0.264851E-01        0.640000E+01
    201404        0.550000E-04        0.154580E+02        0.845867E-01       -0.271175E-01        0.640000E+01
    201405        0.550000E-04        0.151561E+02        0.834516E-01       -0.278853E-01        0.640000E+01
    201406        0.550000E-04        0.154460E+02        0.823800E-01       -0.286416E-01        0.640000E+01
    201407        0.550000E-04        0.157423E+02        0.814097E-01       -0.293549E-01        0.640000E+01
    201408        0.550000E-04        0.146074E+02        0.803774E-01       -0.301446E-01        0.640000E+01
    201409        0.507333E-04        0.112920E+02        0.792867E-01       -0.310167E-01        0.640000E+01
    201410        0.390000E-04        0.101648E+02        0.783129E-01       -0.318295E-01        0.640000E+01
    201411        0.390000E-04        0.104250E+02        0.773400E-01       -0.326752E-01        0.640000E+01
    201412        0.390000E-04        0.125013E+02        0.762613E-01       -0.336564E-01        0.640000E+01
    201501        0.390000E-04        0.125145E+02        0.751161E-01       -0.347496E-01        0.640000E+01
    201502        0.390000E-04        0.115429E+02        0.741714E-01       -0.356957E-01        0.640000E+01
    201503        0.390000E-04        0.107048E+02        0.732323E-01       -0.366768E-01        0.640000E+01
    201504        0.222000E-04        0.916800E+01        0.721467E-01       -0.378662E-01        0.640000E+01
    201505        0.210000E-04        0.885194E+01        0.711161E-01       -0.390541E-01        0.640000E+01
    201506        0.210000E-04        0.102960E+02        0.701467E-01       -0.402269E-01        0.640000E+01
    201507        0.210000E-04        0.104229E+02        0.691806E-01       -0.414516E-01        0.640000E+01
    201508        0.210000E-04        0.824065E+01        0.679194E-01       -0.431464E-01        0.640000E+01
    201509        0.210000E-04        0.753000E+01        0.669533E-01       -0.445224E-01        0.640000E+01
    201510        0.106774E-04        0.625677E+01        0.659839E-01       -0.459744E-01        0.640000E+01
    201511        0.500000E-05        0.427200E+01        0.649533E-01       -0.476037E-01        0.640000E+01
    201512        0.500000E-05        0.501903E+01        0.638677E-01       -0.494246E-01        0.640000E+01
    201601        0.500000E-05        0.551903E+01        0.630419E-01       -0.508836E-01        0.640000E+01
    201602        0.500000E-05        0.530276E+01        0.625103E-01       -0.518608E-01        0.640000E+01
    201603        0.500000E-05        0.241871E+01        0.619742E-01       -0.528795E-01        0.640000E+01
    201604        0.866667E-05        0.153333E+01        0.613667E-01       -0.540730E-01        0.640000E+01
    201605        0.160000E-04        0.375516E+01        0.608806E-01       -0.550609E-01        0.640000E+01
    201606        0.160000E-04        0.757300E+01        0.603167E-01       -0.562441E-01        0.640000E+01
    201607        0.160000E-04        0.587613E+01        0.597355E-01       -0.575067E-01        0.640000E+01
    201608        0.160000E-04        0.338161E+01        0.591903E-01       -0.587364E-01        0.640000E+01
    201609        0.160000E-04        0.431000E+01        0.586467E-01       -0.600021E-01        0.640000E+01
    201610        0.160645E-04        0.503452E+01        0.581323E-01       -0.612432E-01        0.640000E+01
    201611        0.170000E-04        0.444267E+01        0.574933E-01       -0.628437E-01        0.640000E+01
    201612        0.170000E-04        0.503194E+01        0.570065E-01       -0.641109E-01        0.640000E+01
    201701        0.170000E-04        0.728161E+01        0.564452E-01       -0.656243E-01        0.640000E+01
    201702        0.170000E-04        0.830286E+01        0.558929E-01       -0.671684E-01        0.640000E+01
    201703        0.170000E-04        0.452935E+01        0.552839E-01       -0.689448E-01        0.640000E+01
    201704        0.170000E-04        0.417000E+01        0.548000E-01       -0.704120E-01        0.640000E+01
    201705        0.493548E-05        0.403065E+01        0.542452E-01       -0.721588E-01        0.640000E+01
    201706        0.000000E+00        0.361267E+01        0.536733E-01       -0.740311E-01        0.640000E+01
    201707        0.000000E+00        0.350742E+01        0.531226E-01       -0.759174E-01        0.640000E+01
    201708        0.000000E+00        0.343258E+01        0.525677E-01       -0.778921E-01        0.640000E+01
